(001) 774611284
(002) 773588873
(003) 775768696
(004) 776916315
(005) 776625472
(006) 772178421
(007) 778870029
(008) 772741486
(009) 771052105
(010) 777573162
(011) 778428958 (vendu)
(012) 778367163
(013) 773271157
(014) 778795712
(015) 777633596
(016) 778137217
(017) 774611272
(018) 773471261
(019) 775502814
(020) 779559271
(022) 772147852
(023) 779419935
(024) 771869848
(025) 776063933
(026) 776310946
(027) 771948586
(028) 779437846
(029) 778564572
(030) 779124405
(031) 771992917
(032) 775725719
(033) 777607896
(034) 771319194
(035) 778340374
(036) 771752785
(037) 773896482
(038) 775020499
(039) 779298082
(040) 778403423
(041) 772278255
(042) 776438973
(043) 775883209
(044) 771120634
(045) 776157591
(046) 778117484
(047) 773977659
(048) 772621811
(049) 772762694
(050) 774939074
(051) 775453734
(052) 776401374
(053) 779103032
(054) 776834930
(055) 776792086
(056) 778172544
(057) 771711301
(058) 779949254
(059) 775530306
(060) 771727212
(061) 771826989
(062) 771354574
(063) 775134046
(064) 771596944
(065) 776417258
(066) 778149886
(067) 771639008
(068) 771601010
(069) 774941081
(070) 773786910
(071) 774134245
(072) 778953101
(073) 774631585
(074) 773849069
(075) 779469567
(076) 779661081
(077) 778907683
(078) 776090176
(079) 771709831
(080) 776521182
(081) 771743249
(082) 775989133
(083) 772841970
(084) 774603023
(085) 772391192
(086) 778920428
(087) 773188090
(088) 773436105
(089) 779939879
(090) 773286338
(091) 771501784
(092) 771150100
(093) 775680496
(094) 777836910
(095) 771838940
(096) 778545125
(097) 774946745
(098) 775142022
(099) 775587972
