(001) 709786159
(002) 706570634
(003) 705334848
(004) 709966392
(005) 705311075
(006) 703647430
(007) 707689258
(008) 708870707
(009) 708624973
(010) 708523207
(011) 707185624
(012) 706703814
(013) 703276954
(014) 704325423
(015) 705289914
(016) 705475703
(017) 703983093
(018) 704843533
(019) 705582801
(020) 702757550
(021) 706066620
(022) 702115800
(023) 702548764
(024) 705002924
(025) 702034109
(026) 708725977
(027) 707639724
(028) 706003445
(029) 704816802
(030) 703943195
(031) 703966976
(032) 707250818
(033) 708639942
(034) 707205656
(035) 709561625
(036) 709731469
(037) 709775462
(038) 709718945
(039) 706303709
(040) 707993296
(041) 708946101
(042) 702183615
(043) 701409718
(044) 706014799
(045) 708154381
(046) 707459151
(047) 702280228
(048) 705627189
(049) 704876311
(050) 705510892
(051) 705289192
(052) 706391601
(053) 703722531
(054) 703665265
(055) 701327657
(056) 709801678
(057) 709109038
(058) 709041799
(059) 704140349
(060) 703345674
(061) 703587336
(062) 703093179
(063) 702492382
(064) 701050681
(065) 709685535
(066) 709573498
(067) 708581396
(068) 706451638
(069) 703185904
(070) 702563002
(071) 703508847
(072) 707729210
(073) 703217672
(074) 709038622
(075) 703741198
(076) 708722924
(077) 706478697
(078) 709863041
(079) 708967223
(080) 707569529
(081) 702608103
(082) 704701953
(083) 708782043
(084) 703572929
(085) 705114002
(086) 704079003
(087) 702144769
(088) 706182760
(089) 709308457
(090) 702757819
(091) 703813357
(092) 707905531 (vendu)
(093) 708715116
(094) 702226436
(095) 704205536
(096) 708509556
(097) 709278182
(098) 701374591
(099) 704139323
(100) 702051117
