(001) 767329943
(002) 768614644
(003) 765677464
(004) 765608348
(005) 763365662
(006) 768088344
(007) 761386036
(008) 766396636
(009) 768611907
(010) 768017530
(011) 766582504
(012) 768695157
(013) 767943726
(014) 765816218
(015) 766192030
(016) 767667961
(017) 763464035
(018) 767706607
(019) 767296071
(020) 769889887
(021) 767585315
(022) 766308044
(023) 768162103
(024) 765299249
(025) 768618484
(026) 764454043
(027) 761330627
(028) 764874087
(029) 762480463
(030) 761887580
(031) 769301413
(032) 768892786
(033) 766990120
(034) 762468948
(035) 762572698
(036) 761608823
(037) 762601765
(038) 768264632
(039) 762738885
(040) 764014295
(041) 761320804
(042) 768090087
(043) 764371886
(044) 769788340
(045) 764714658
(046) 766730398
(047) 765035130
(048) 761676307
(049) 761284376
(050) 761439704
(051) 765302154
(052) 765977060
(053) 761171218
(054) 768279793
(055) 767551042
(056) 762932519
(057) 765917510
(058) 766208222
(059) 767794886
(060) 761800064
(061) 766562379
(062) 761816439
(063) 765704945
(064) 768757426
(065) 765900120
(066) 768451687
(067) 761085402
(068) 767153416
(069) 768992777
(070) 766629486
(071) 765823856
(072) 765841538
(073) 766931681
(074) 767773044
(075) 769790523
(076) 762277909
(077) 764105804
(078) 767232004
(079) 762116453
(080) 768630997
(081) 765386104
(082) 768385602
(083) 768088126
(084) 762806020
(085) 761511282
(086) 761743567
(087) 761804036
(088) 762888902
(089) 765921465
(090) 768071973
(091) 767328887
(092) 767356464
(093) 769892676
(094) 767885943
(095) 768039110
(096) 763229497
(097) 762711784
(098) 764117161
(099) 769489111
(100) 765189669 (vendu)
